$ANSIBLE_VAULT;1.1;AES256
65626365386463613236666431393136323466333935353030393639383338643565353033306331
6131343863393464303264646465393638613033623038620a333166623235643431356134353262
39616638313731373839366533323038343631613637323330663231333735616161336266386338
3936393431663030310a346137613735353538633035333232366363613238363434666137346132
33396233356338303936336639613237383765326530393733396534336564386639313837356634
32623538373063663462303563633532643534323363323436386266373462343834633865626530
35386437623737346537643334643864333332663731643232393330303936393463323131386661
62363939663962613639316536356666616337663163373432656565346563653066653565336561
36616462386539396132313035653837333030626262313138356366343939363331353439303232
36313037306233363433373232353635376337326233613366313963333863646238386532306234
33663161613332643463343666663335356530323862313930333536366563383162383938636334
64663535366635623966323530376266646463626534396339376666383233323532333263643131
39383963303638306463663161613563326231656463333537666536353532393334333062373861
63353030616333356435666334323963393239316237663330663663633061616338643733373665
30353865346337653130383739613664346635303638643166646532653661653063373236656634
38623131656232663465623235303636636330363666646135623337363931633430323038356530
38383234353662333839643365386633356263303332666465333263613363636662363634363531
39396664666263343963343734646164363437303265316565393530653832613766616338313265
32313735303564303233376663346231303533393163366664646164326638366634396663303635
30323339363638663034633737393636623538366131373261616161353262383939303064356661
33343135396463323365336537313737343561626266623338323061373232383935383437323931
64336637356261393366376461633333306361346363306362316531383838343232396138336465
33383661666166303231393339353831643133356333333535313735326232323430363136333665
64333536646131363264306238363564303762643036373130316564656265396230646539633161
63396165643938623830646630333161393130656262366439376161386439366234323566303361
31353931643433363739303337313963613936303433623531303261373837373965636233333031
62376337663565636463383663353563306338383030323530613034346535643764633835653561
38313665636261633636303765333537306662333233633937326664373836653433646332396237
39316533333839376537323461356466643132376364643332636261363063386139323730663731
39353166653131316335393236366261373437343039373561613265363337393831633033383764
31613133313361366435343933363930666165363662386330326534363966383363623537383262
38383138393963643338666663313437633134343661346239303862363362633935393631306266
39323561386263643363343430366435303063666636306636663231383337656363333338333430
35653837386464333031376430393465633362363134353666363733653466306437653138643230
31623436626466626437633165366332313232613831336636336165323863393262383133336633
63646534663035396436623532323933633232303763633430343235613864636364306662336133
61323861313562636431313964356465313365303635363161323231376239303932643765623933
37353534326264343337313062366565623765656235663161303832663165396563346662333131
38346531353537386531353762343933306639363736666464316365626532613938386562356334
36656339633561333561363838336665353231326666393531383661663266653631383536396439
31323337323436383438366664623363323964613430666666333461633339656134663132346266
66626436343939613338653335393030643035656562653663393163636439336531306539666338
39666432626431356535383862626363646136653264366431356535353230613834626263343462
65633865653433656463633363346635623862396562663563383134343238373862323931326232
37663435333133653466666636623764643365613437643334373734386137383936323830343632
35656332343965663864393763363238366138386130636430323039333961376263386165303735
30663436303332613665313239663237613830356234306638326239656162373736306234396235
35623333613366623961643835613666333830643564363263633938343034663539366331366539
31316538386430616161633963346565653965356139303932653636306536383530373362363662
34333936646466316432363965383034643861636236643331663762303135306562346365626561
37653038346239646535363061303462646661333239336138363739333133303335346362396139
65653062366139623564646566666532393562323639373530326236653364353063656461393663
64343061316338626661396266633737626435323931643034653963633933663334336139666539
65336364366662333734346533383339343731346136336530393734633165666563343836633831
38363732303466356537303634633534363863616137303136306338313664343635623463666163
66616332363861623064633134346365653234396332303630316565626437386338633363653065
66393164323432376136363362653332376262326333343337643439396363616666343365323136
38663030343136366438666236613963376135663137623965613638383632323834613439656563
63643437616266393765623265373231346163316631323462636134623532396330393061396536
35393331326537636561303765363439633261393534313135373534396636393137646235343761
37663266663134663130616236343964353035393139373961346235336533393431356266613430
36316266366666316639316638333933383133353564366463383836383737643031343066383830
36613564623630636432373763393266616638666237623563313765316334663765386535386131
62623165356664333262313962326565336565386338343963646563336438353233636537356366
39343330666261633065323266316436633433373063363639313537623031326333653934623164
39613463636236336431343864623532626162316265333038373761366638396636363665353365
37386238353234323364323965393462643838343939386638366232303839383735346130313633
37383665633933396232303666616334633039336566396466613830636638333337623561333639
35353431336531316432613464623962666166313235393339666562653338653332386363393337
36363532643333323537386433366461633965626565353037303233393763663866383631383164
31386534383236333062353363656338656538336236666333646335353163333432616565623134
62646535633262303766353364346462633962316434336437333836303739373430623033613461
37613262336638316538646230366238613433316432373861386333656332303961353835306131
33623132313133366631326366376635353664316164346437636435666566326134313265623866
65386265313137356130613238326331333635313763613936623337383631636333646138626537
66643239623365653835613739316536343761316232313835303066636136313033383234336237
30653964393232323938316164353061326164383932633530643330353532396539356634613565
35363062643138333863313935313934633130623965613564386665623534373832383336323339
37323766306639383363626130613461396430656636393961323034663461336562613662643762
30393064366139316364633961363331366632333334376236356438633334336165663965363334
37393234623866383330336466626433656461303036623966303065376133663862653261393138
33356361313761386264316434643466323163646435383935396535366165373664666537666366
35306561663339373337633461613735363831383438393232636136623862386564336530363963
30396165303038626538623131326634353530336236633063363538313939623031353761313036
33643766623063383730666633666635636366626238386263363561643864616137343534643662
63383164343435663232633664613737653830613431636630376265666662343239303238386564
37613361333764623234303832336435303936643133626664336438366132663131623032323365
34373461386130353936
